object Form1: TForm1
  Left = 0
  Top = 0
  Caption = 'Form1'
  ClientHeight = 608
  ClientWidth = 424
  FormFactor.Width = 320
  FormFactor.Height = 480
  FormFactor.Devices = [Desktop]
  DesignerMasterStyle = 3
  object Calendar1: TCalendar
    Date = 45385.000000000000000000
    Position.X = 24.000000000000000000
    Position.Y = 48.000000000000000000
    Size.Width = 369.000000000000000000
    Size.Height = 233.000000000000000000
    Size.PlatformDefault = False
    TabOrder = 1
  end
  object Button1: TButton
    Position.X = 80.000000000000000000
    Position.Y = 304.000000000000000000
    Size.Width = 250.000000000000000000
    Size.Height = 73.000000000000000000
    Size.PlatformDefault = False
    TabOrder = 2
    Text = 'Radnik1'
  end
  object Button2: TButton
    Position.X = 80.000000000000000000
    Position.Y = 392.000000000000000000
    Size.Width = 250.000000000000000000
    Size.Height = 73.000000000000000000
    Size.PlatformDefault = False
    TabOrder = 3
    Text = 'Radnik2'
  end
  object Button3: TButton
    Position.X = 80.000000000000000000
    Position.Y = 483.000000000000000000
    Size.Width = 250.000000000000000000
    Size.Height = 73.000000000000000000
    Size.PlatformDefault = False
    TabOrder = 4
    Text = 'Radnik3'
  end
  object Button4: TButton
    Margins.Right = 10.000000000000000000
    Margins.Bottom = 10.000000000000000000
    Position.X = 338.000000000000000000
    Position.Y = 556.000000000000000000
    TabOrder = 5
    Text = 'NOTIF'
  end
end
